#1
A(2x2)
5, 2,
-3, 3,
B(2x1)
3, 15,

#11
A(2x2)
2, 1,
5, 7,
B(2x1)
11, 13,

#12
A(4x4)
10, -1, 2, 0,
-1, 11, -1, 3,
2, -1, 10, -1,
0, 3, -1, 8,
B(4x1)
6, 25, -11, 15,

#13
A(2x2)
16, 3,
7, -11,
B(2x1)
11, 13,

#14
A(3x3)
1, 1, 4,
8, -3, 2, 
4, 11, -1, 
B(3x1)
9, 20, 33,

#15
A(3x3)
3, 9, -2,
4, 2, 13, 
4, -2, 1, 
B(3x1)
11, 24, -8,

#16
A(3x3)
6.7, 1.1, 2.2, 
3.1, 9.4, -1.5, 
2.1, -1.5, 8.4, 
B(3x1)
20.5, 22.9, 28.8, 

#2
A(2x2)
3, -1,
-6, 2,
B(2x1)
2, -4,

#3
A(2x2)
-5, 1,
1, -0.2,
B(2x1)
0, -3,

#4
A(3x3)
5, 2, 0,
2, 1, -1,
2, 3, -1,
B(3x1)
2, 0, 3,

#41
A(5x3)
5, 2, 0,
2, 1, -1,
2, 3, -1,
5, 2, 10,
10, 2, 10,
B(5x1)
2, 0, 3, 13, 12,

#42
A(5x3)
5, 2, 0,
2, 1, -1,
2, 3, -1,
5, 2, 10,
10, 2, 10,
B(5x1)
2, 0, 3, 13, 15,

#43
A(2x3)
5, 2, 0,
2, 1, -1,
B(2x1)
2, 0,

#5
A(3x3)
2, -1, 3,
2, 2, 3,
-2, 3, 0,
B(3x1)
5, 7, -3,

#6
A(3x3)
1, 2, 3,
-3, -2, -1,
4, 4, 4,
B(3x1)
1, 2, 3,

#7
A(2x3)
3, -1, 7,
6, 0, 1,
B(2x1)
1, 2,

#71
A(2x3)
2, -1, 7,
5, 0, 1,
B(2x1)
1, 2,

#8
A(4x4)
1, 2, -3, -1,
0, -3, 2, 6,
-3, -1, 3, 1,
2, 3, 2, -1,
B(4x1)
0, -8, 0, -8,

#9
A(5x5)
2, -2, 3, -1, 2,
3, 1, -2, 1, -3,
1, 3, -4, 3, -1,
2, -1, 3, -2, 2,
3, 4, -3, 5, -1,
B(5x1)
16, -11, 13, 15, -10,

#10
A(5x5)
2.1, -3.2, 6.4, 7, -3.2,
4.1, 2.2, -3.1, -4.2, 3.3,
3.4, -6.2, 4.7, 2.1, -5.3,
4.1, 7.3, 5.2, 6.1, -8.2,
2.8, 5.2, 3.1, 5.4, 3.8,
B(5x1)
54.3, -20.81, 24.7, 29.25, 43.72,

#11
A(4x5)
1.2, -2.3, 4.2, 5.4, -1.6,
2.3, 1.4, -3.1, 3.3, -2.4,
1.7, 2.6, -4.3, 7.2, -1.8,
2.6, -4.2, 8.3, -1.6, 2.5,
B(4x1)
4.2, 6.3, 7.8, 6.4,

#12
A(45x45)
0, 1, 0, -2, 0, 1, 0, 1, 2, 3, 0, 1, 3, 1, 0, 0, 1, 0, 2, 0, -1, 0, 1, 2, 3, 0, 1, 3, 1, 0, 0, 1, 0, 2, 0, 1, 0, 1, 2, 3, 0, -1, -3, 1, 0, 
2, 0, 0, 1, 3, 1, 0, 0, 1, 0, 2, 0, 1, 0, 1, 2, 3, 0, -1, -3, 1, 0, 0, 1, 0, -2, 0, 1, 0, 1, 2, 3, 0, 1, 3, 1, 0, 0, 1, 0, 2, 0, -1, 0, 1,
1, 2, 3, 0, -1, -3, 1, 0, 0, 1, 0, -2, 0, 1, 0, 1, 2, 3, 0, 1, 2, 3, 0, 1, 3, 1, 0, 0, 1, 0, 2, 3, 0, 1, 3, 1, 0, 0, 1, 0, 2, 0, -1, 0, 1,
0, 1, 0, 1, 2, 3, 0, -1, -3, 1, 0, 0, 1, 0, -2, 0, 1, 0, 1, 2, 3, 0, 1, 2, 3, 0, 1, 3, 1, 0, 0, 1, 0, 2, 3, 0, 1, 3, 1, 0, 0, 1, 0, 2, 0,
1, 2, 0, 0, -1, -3, 1, 0, 0, 1, 0, -2, 0, 1, 0, 1, 2, 3, 0, 1, 2, 3, 0, 1, 3, 1, 0, 0, 1, 0, 2, 3, 0, 1, 3, 1, 0, 0, 1, 0, 2, 0, -1, 0, 1,
0, 1, 0, -2, 0, 0, 0, 1, 2, 3, 0, 1, 3, 1, 0, 0, 1, 0, 2, 0, -1, 0, 1, 2, 3, 0, 1, 3, 1, 0, 0, 1, 0, 2, 0, 1, 0, 1, 2, 3, 0, -1, -3, 1, 0, 
2, 3, 0, 1, 3, 1, 0, 0, 1, 0, 2, 0, 1, 0, 1, 2, 3, 0, -1, -3, 1, 0, 0, 1, 0, -2, 0, 1, 0, 1, 2, 3, 0, 1, 3, 1, 0, 0, 1, 0, 2, 0, -1, 0, 1,
1, 2, 0, 0, -1, -3, 1, 0, 0, 1, 0, -2, 0, 1, 0, 1, 2, 3, 0, 1, 2, 3, 0, 1, 3, 1, 0, 0, 1, 0, 2, 3, 0, 1, 3, 1, 0, 0, 1, 0, 2, 0, -1, 0, 1,
0, 1, 0, 1, 2, 3, 0, -1, -3, 1, 0, 0, 1, 0, -2, 0, 1, 0, 1, 2, 3, 0, 1, 2, 3, 0, 1, 3, 1, 0, 0, 1, 0, 2, 3, 0, 1, 3, 1, 0, 0, 1, 0, 2, 0,
1, 2, 0, 0, -1, -3, 1, 0, 0, 1, 0, -2, 0, 1, 0, 1, 2, 3, 0, 1, 2, 3, 0, 1, 3, 1, 0, 0, 1, 0, 2, 3, 0, 1, 3, 1, 0, 0, 1, 0, 2, 0, -1, 0, 1,
0, 1, 0, -2, 0, 1, 0, 1, 2, 3, 0, 1, 3, 1, 0, 0, 1, 0, 2, 0, -1, 0, 1, 2, 3, 0, 1, 3, 1, 0, 0, 1, 0, 2, 0, 1, 0, 1, 2, 3, 0, -1, -3, 1, 0, 
2, 3, 0, 1, 3, 1, 0, 0, 1, 0, 2, 0, 1, 0, 1, 2, 3, 0, -1, -3, 1, 0, 0, 1, 0, -2, 0, 1, 0, 1, 2, 3, 0, 1, 3, 1, 0, 0, 1, 0, 2, 0, -1, 0, 1,
1, 2, 0, 0, -1, -3, 1, 0, 0, 1, 0, -2, 0, 1, 0, 1, 2, 3, 0, 1, 2, 3, 0, 1, 3, 1, 0, 0, 1, 0, 2, 3, 0, 1, 3, 1, 0, 0, 1, 0, 2, 0, -1, 0, 1,
0, 1, 0, 1, 2, 3, 0, -1, -3, 1, 0, 0, 1, 0, -2, 0, 1, 0, 1, 2, 3, 0, 1, 2, 3, 0, 1, 3, 1, 0, 0, 1, 0, 2, 3, 0, 1, 3, 1, 0, 0, 1, 0, 2, 0,
1, 2, 0, 0, -1, -3, 1, 0, 0, 1, 0, -2, 0, 1, 0, 1, 2, 3, 0, 1, 2, 3, 0, 1, 3, 1, 0, 0, 1, 0, 2, 3, 0, 1, 3, 1, 0, 0, 1, 0, 2, 0, -1, 0, 1,
0, 1, 0, -2, 0, 1, 0, 1, 2, 3, 0, 1, 3, 1, 0, 0, 1, 0, 2, 0, -1, 0, 1, 2, 3, 0, 1, 3, 1, 0, 0, 1, 0, 2, 0, 1, 0, 1, 2, 3, 0, -1, -3, 1, 0, 
2, 3, 0, 1, 3, 1, 0, 0, 1, 0, 2, 0, 1, 0, 1, 2, 3, 0, -1, -3, 1, 0, 0, 1, 0, -2, 0, 1, 0, 1, 2, 3, 0, 1, 3, 1, 0, 0, 1, 0, 2, 0, -1, 0, 1,
1, 2, 0, 0, -1, -3, 1, 0, 0, 1, 0, -2, 0, 1, 0, 1, 2, 3, 0, 1, 2, 3, 0, 1, 3, 1, 0, 0, 1, 0, 2, 3, 0, 1, 3, 1, 0, 0, 1, 0, 2, 0, -1, 0, 1,
0, 1, 0, 1, 2, 3, 0, -1, -3, 1, 0, 0, 1, 0, -2, 0, 1, 0, 1, 2, 3, 0, 1, 2, 3, 0, 1, 3, 1, 0, 0, 1, 0, 2, 3, 0, 1, 3, 1, 0, 0, 1, 0, 2, 0,
1, 2, 0, 0, -1, -3, 1, 0, 0, 1, 0, -2, 0, 1, 0, 1, 2, 3, 0, 1, 2, 3, 0, 1, 3, 1, 0, 0, 1, 0, 2, 3, 0, 1, 3, 1, 0, 0, 1, 0, 2, 0, -1, 0, 1,
0, 1, 0, -2, 0, 1, 0, 1, 2, 3, 0, 1, 3, 1, 0, 0, 1, 0, 2, 0, -1, 0, 1, 2, 3, 0, 1, 3, 1, 0, 0, 1, 0, 2, 0, 1, 0, 1, 2, 3, 0, -1, -3, 1, 0, 
2, 3, 0, 1, 3, 1, 0, 0, 1, 0, 2, 0, 1, 0, 1, 2, 3, 0, -1, -3, 1, 0, 0, 1, 0, -2, 0, 1, 0, 1, 2, 3, 0, 1, 3, 1, 0, 0, 1, 0, 2, 0, -1, 0, 1,
1, 2, 0, 0, -1, -3, 1, 0, 0, 1, 0, -2, 0, 1, 0, 1, 2, 3, 0, 1, 2, 3, 0, 1, 3, 1, 0, 0, 1, 0, 2, 3, 0, 1, 3, 1, 0, 0, 1, 0, 2, 0, -1, 0, 1,
0, 1, 0, 1, 2, 3, 0, -1, -3, 1, 0, 0, 1, 0, -2, 0, 1, 0, 1, 2, 3, 0, 1, 2, 3, 0, 1, 3, 1, 0, 0, 1, 0, 2, 3, 0, 1, 3, 1, 0, 0, 1, 0, 2, 0,
1, 2, 0, 0, -1, -3, 1, 0, 0, 1, 0, -2, 0, 1, 0, 1, 2, 3, 0, 1, 2, 3, 0, 1, 3, 1, 0, 0, 1, 0, 2, 3, 0, 1, 3, 1, 0, 0, 1, 0, 2, 0, -1, 0, 1,
0, 1, 0, -2, 0, 1, 0, 1, 2, 3, 0, 1, 3, 1, 0, 0, 1, 0, 2, 0, -1, 0, 1, 2, 3, 0, 1, 3, 1, 0, 0, 1, 0, 2, 0, 1, 0, 1, 2, 3, 0, -1, -3, 1, 0, 
2, 3, 0, 1, 3, 1, 0, 0, 1, 0, 2, 0, 1, 0, 1, 2, 3, 0, -1, -3, 1, 0, 0, 1, 0, -2, 0, 1, 0, 1, 2, 3, 0, 1, 3, 1, 0, 0, 1, 0, 2, 0, -1, 0, 1,
1, 2, 0, 0, -1, -3, 1, 0, 0, 1, 0, -2, 0, 1, 0, 1, 2, 3, 0, 1, 2, 3, 0, 1, 3, 1, 0, 0, 1, 0, 2, 3, 0, 1, 3, 1, 0, 0, 1, 0, 2, 0, -1, 0, 1,
0, 1, 0, 1, 2, 3, 0, -1, -3, 1, 0, 0, 1, 0, -2, 0, 1, 0, 1, 2, 3, 0, 1, 2, 3, 0, 1, 3, 1, 0, 0, 1, 0, 2, 3, 0, 1, 3, 1, 0, 0, 1, 0, 2, 0,
1, 2, 0, 0, -1, -3, 1, 0, 0, 1, 0, -2, 0, 1, 0, 1, 2, 3, 0, 1, 2, 3, 0, 1, 3, 1, 0, 0, 1, 0, 2, 3, 0, 1, 3, 1, 0, 0, 1, 0, 2, 0, -1, 0, 1,
0, 1, 0, -2, 0, 1, 0, 1, 2, 3, 0, 1, 3, 1, 0, 0, 1, 0, 2, 0, -1, 0, 1, 2, 3, 0, 1, 3, 1, 0, 0, 1, 0, 2, 0, 1, 0, 1, 2, 3, 0, -1, -3, 1, 0, 
2, 3, 0, 1, 3, 1, 0, 0, 1, 0, 2, 0, 1, 0, 1, 2, 3, 0, -1, -3, 1, 0, 0, 1, 0, -2, 0, 1, 0, 1, 2, 3, 0, 1, 3, 1, 0, 0, 1, 0, 2, 0, -1, 0, 1,
1, 2, 0, 0, -1, -3, 1, 0, 0, 1, 0, -2, 0, 1, 0, 1, 2, 3, 0, 1, 2, 3, 0, 1, 3, 1, 0, 0, 1, 0, 2, 3, 0, 1, 3, 1, 0, 0, 1, 0, 2, 0, -1, 0, 1,
0, 1, 0, 1, 2, 3, 0, -1, -3, 1, 0, 0, 1, 0, -2, 0, 1, 0, 1, 2, 3, 0, 1, 2, 3, 0, 1, 3, 1, 0, 0, 1, 0, 2, 3, 0, 1, 3, 1, 0, 0, 1, 0, 2, 0,
1, 2, 0, 0, -1, -3, 1, 0, 0, 1, 0, -2, 0, 1, 0, 1, 2, 3, 0, 1, 2, 3, 0, 1, 3, 1, 0, 0, 1, 0, 2, 3, 0, 1, 3, 1, 0, 0, 1, 0, 2, 0, -1, 0, 1,
0, 1, 0, -2, 0, 1, 0, 1, 2, 3, 0, 1, 3, 1, 0, 0, 1, 0, 2, 0, -1, 0, 1, 2, 3, 0, 1, 3, 1, 0, 0, 1, 0, 2, 0, 1, 0, 1, 2, 3, 0, -1, -3, 1, 0, 
2, 3, 0, 1, 3, 1, 0, 0, 1, 0, 2, 0, 1, 0, 1, 2, 3, 0, -1, -3, 1, 0, 0, 1, 0, -2, 0, 1, 0, 1, 2, 3, 0, 1, 3, 1, 0, 0, 1, 0, 2, 0, -1, 0, 1,
1, 2, 0, 0, -1, -3, 1, 0, 0, 1, 0, -2, 0, 1, 0, 1, 2, 3, 0, 1, 2, 3, 0, 1, 3, 1, 0, 0, 1, 0, 2, 3, 0, 1, 3, 1, 0, 0, 1, 0, 2, 0, -1, 0, 1,
0, 1, 0, 1, 2, 3, 0, -1, -3, 1, 0, 0, 1, 0, -2, 0, 1, 0, 1, 2, 3, 0, 1, 2, 3, 0, 1, 3, 1, 0, 0, 1, 0, 2, 3, 0, 1, 3, 1, 0, 0, 1, 0, 2, 0,
1, 2, 0, 0, -1, -3, 1, 0, 0, 1, 0, -2, 0, 1, 0, 1, 2, 3, 0, 1, 2, 3, 0, 1, 3, 1, 0, 0, 1, 0, 2, 3, 0, 1, 3, 1, 0, 0, 1, 0, 2, 0, -1, 0, 1,
0, 1, 0, -2, 0, 1, 0, 1, 2, 3, 0, 1, 3, 1, 0, 0, 1, 0, 2, 0, -1, 0, 1, 2, 3, 0, 1, 3, 1, 0, 0, 1, 0, 2, 0, 1, 0, 1, 2, 3, 0, -1, -3, 1, 0, 
2, 3, 0, 1, 3, 1, 0, 0, 1, 0, 2, 0, 1, 0, 1, 2, 3, 0, -1, -3, 1, 0, 0, 1, 0, -2, 0, 1, 0, 1, 2, 3, 0, 1, 3, 1, 0, 0, 1, 0, 2, 0, -1, 0, 1,
1, 2, 0, 0, -1, -3, 1, 0, 0, 1, 0, -2, 0, 1, 0, 1, 2, 3, 0, 1, 2, 3, 0, 1, 3, 1, 0, 0, 1, 0, 2, 3, 0, 1, 3, 1, 0, 0, 1, 0, 2, 0, -1, 0, 1,
0, 1, 0, 1, 2, 3, 0, -1, -3, 1, 0, 0, 1, 0, -2, 0, 1, 0, 1, 2, 3, 0, 1, 2, 3, 0, 1, 3, 1, 0, 0, 1, 0, 2, 3, 0, 1, 3, 1, 0, 0, 1, 0, 2, 0,
1, 2, 0, 0, -1, -3, 1, 0, 0, 1, 0, -2, 0, 1, 0, 1, 2, 3, 0, 1, 2, 3, 0, 1, 3, 1, 0, 0, 1, 0, 2, 3, 0, 1, 3, 1, 0, 0, 1, 0, 2, 0, -1, 0, 1,
B(45x1)
0, 1, 0, -2, 0, 1, 0, 1, 2, 3, 0, 1, 3, 1, 0, 0, 1, 0, 2, 0, -1, 0, 1, 2, 3, 0, 1, 3, 1, 0, 0, 1, 0, 2, 0, 1, 0, 1, 2, 3, 0, -1, -3, 1, 0, 

#13
A(45x45)
0, 1, 0,-2, 0, 1, 0, 1, 2, 3, 0, 1, 3, 1, 0, 0, 1, 0, 2, 0, -1, 0, 1, 2, 3, 0, 1, 3, 1, 0, 0, 1, 0, 2, 0, 1, 0, 1, 2, 3, 0, -1, -3, 1, 0, 
2, 0, 0, 1, 3, 1, 0, 0, 1, 0, 2, 0, 1, 0, 1, 2, 3, 0, -1, -3, 1, 0, 0, 1, 0, -2, 0, 1, 0, 1, 2, 3, 0, 1, 3, 1, 0, 0, 1, 0, 2, 0, -1, 0, 1,
1, 2, 0, 0, -1, 0, 1, 0, 0, 1, 0, -2, 0, 1, 0, 1, 2, 3, 0, 1, 2, 3, 0, 1, 3, 1, 0, 0, 1, 0, 2, 3, 0, 1, 3, 1, 0, 0, 1, 0, 2, 0, -1, 0, 1,
0, 1, 0, 0, 2, 3, 0, 0, -3, 1, 0, 0, 1, 0, -2, 0, 1, 0, 1, 2, 3, 0, 1, 2, 3, 0, 1, 3, 1, 0, 0, 1, 0, 2, 3, 0, 1, 3, 1, 0, 0, 1, 0, 2, 0,
1, 2, 0, 0, 0, -3, 1, 0, 0, 1, 0, -2, 0, 1, 0, 1, 2, 3, 0, 1, 2, 3, 0, 1, 3, 1, 0, 0, 1, 0, 2, 3, 0, 1, 3, 1, 0, 0, 1, 0, 2, 0, -1, 0, 1,
0, 1, 7, 0, 0, 0, 0, 1, 0, 3, 0, 1, 3, 1, 0, 0, 1, 0, 2, 0, -1, 0, 1, 2, 3, 0, 1, 3, 1, 0, 0, 1, 0, 2, 0, 1, 0, 1, 2, 3, 0, -1, -3, 1, 0, 
2, 3, 0, 1, 3, 1, 0, 0, 1, 0, 2, 0, 1, 0, 1, 2, 3, 0, -1, -3, 1, 0, 0, 1, 0, -2, 0, 1, 0, 1, 2, 3, 0, 1, 3, 1, 0, 0, 1, 0, 2, 0, -1, 0, 1,
1, 2, 0, 0, -1, -3, 0, 0, 0, 0, 0, -2, 0, 1, 0, 1, 2, 3, 0, 1, 2, 3, 0, 1, 3, 1, 0, 0, 1, 0, 2, 3, 0, 1, 3, 1, 0, 0, 1, 0, 2, 0, -1, 0, 1,
0, 1, 0, 1, 2, 3, 0, 0, 0, 1, 0, 0, 1, 0, -2, 0, 1, 0, 1, 2, 3, 0, 1, 2, 3, 0, 1, 3, 1, 0, 0, 1, 0, 2, 3, 0, 1, 3, 1, 0, 0, 1, 0, 2, 0,
1, 2, 0, 0, -1, -3, 1, 0, 0, 0, 0, 0, 0, 1, 0, 1, 2, 3, 0, 1, 2, 3, 0, 1, 3, 1, 0, 0, 1, 0, 2, 3, 0, 1, 3, 1, 0, 0, 1, 0, 2, 0, -1, 0, 1,
0, 1, 0, -2, 0, 1, 0, 1, 0, 0, 0, 0, 0, 1, 0, 0, 1, 0, 2, 0, -1, 0, 1, 2, 3, 0, 1, 3, 1, 0, 0, 1, 0, 2, 0, 1, 0, 1, 2, 3, 0, -1, -3, 1, 0, 
2, 3, 0, 1, 3, 1, 0, 0, 1, 0, 0, 0, 0, 0, 1, 2, 3, 0, -1, -3, 1, 0, 0, 1, 0, -2, 0, 1, 0, 1, 2, 3, 0, 1, 3, 1, 0, 0, 1, 0, 2, 0, -1, 0, 1,
1, 2, 0, 0, -1, -3, 1, 0, 0, 0, 0, 0, 0, 0, 0, 1, 2, 3, 0, 1, 2, 3, 0, 1, 3, 1, 0, 0, 1, 0, 2, 3, 0, 1, 3, 1, 0, 0, 1, 0, 2, 0, -1, 0, 1,
0, 1, 0, 1, 2, 3, 0, -1, -3, 1, 0, 0, 1, 0, 0, 0, 1, 0, 1, 2, 3, 0, 1, 2, 3, 0, 1, 3, 1, 0, 0, 1, 0, 2, 3, 0, 1, 3, 1, 0, 0, 1, 0, 2, 0,
1, 2, 0, 0, -1, -3, 1, 0, 0, 1, 0, -2, 0, 1, 0, 0, 2, 3, 0, 1, 2, 3, 0, 1, 3, 1, 0, 0, 1, 0, 2, 3, 0, 1, 3, 1, 0, 0, 1, 0, 2, 0, -1, 0, 1,
0, 1, 0,-2, 0, 1, 0, 1, 2, 3, 0, 1, 3, 1, 0, 0, 0, 0, 2, 0, -1, 0, 1, 2, 3, 0, 1, 3, 1, 0, 0, 1, 0, 2, 0, 1, 0, 1, 2, 3, 0, -1, -3, 1, 0, 
2, 3, 0, 1, 3, 1, 0, 0, 1, 0, 2, 0, 1, 0, 1, 2, 0, 0, -1, -3, 1, 0, 0, 1, 0, -2, 0, 1, 0, 1, 2, 3, 0, 1, 3, 1, 0, 0, 1, 0, 2, 0, -1, 0, 1,
1, 2, 0, 0, -1, -3, 1, 0, 0, 1, 0, -2, 0, 1, 0, 1, 0, 0, 0, 1, 2, 3, 0, 1, 3, 1, 0, 0, 1, 0, 2, 3, 0, 1, 3, 1, 0, 0, 1, 0, 2, 0, -1, 0, 1,
0, 1, 0, 1, 2, 3, 0, -1, -3, 1, 0, 0, 1, 0, -2, 0, 1, 0, 0, 2, 3, 0, 1, 2, 3, 0, 1, 3, 1, 0, 0, 1, 0, 2, 3, 0, 1, 3, 1, 0, 0, 1, 0, 2, 0,
1, 2, 0, 0, -1, -3, 1, 0, 0, 1, 0, -2, 0, 1, 0, 1, 2, 3, 0, 0, 2, 3, 0, 1, 3, 1, 0, 0, 1, 0, 2, 3, 0, 1, 3, 1, 0, 0, 1, 0, 2, 0, -1, 0, 1,
0, 1, 0,-2, 0, 1, 0, 1, 2, 3, 0, 1, 3, 1, 0, 0, 1, 0, 2, 0, 0, 0, 1, 2, 3, 0, 1, 3, 1, 0, 0, 1, 0, 2, 0, 1, 0, 1, 2, 3, 0, -1, -3, 1, 0, 
2, 3, 0, 1, 3, 1, 0, 0, 1, 0, 2, 0, 1, 0, 1, 2, 3, 0, -1, 0, 0, 0, 0, 1, 0, -2, 0, 1, 0, 1, 2, 3, 0, 1, 3, 1, 0, 0, 1, 0, 2, 0, -1, 0, 1,
1, 2, 0, 0, -1, -3, 1, 0, 0, 1, 0, -2, 0, 1, 0, 1, 2, 3, 0, 0, 0, 0, 0, 1, 3, 1, 0, 0, 1, 0, 2, 3, 0, 1, 3, 1, 0, 0, 1, 0, 2, 0, -1, 0, 1,
0, 1, 0, 1, 2, 3, 0, -1, -3, 1, 0, 0, 1, 0, -2, 0, 1, 0, 1, 2, 0, 0, 0, 0, 0, 0, 1, 3, 1, 0, 0, 1, 0, 2, 3, 0, 1, 3, 1, 0, 0, 1, 0, 2, 0,
1, 2, 0, 0, -1, -3, 1, 0, 0, 1, 0, -2, 0, 1, 0, 1, 2, 3, 0, 1, 2, 0, 0, 0, 0, 0, 0, 0, 1, 0, 2, 3, 0, 1, 3, 1, 0, 0, 1, 0, 2, 0, -1, 0, 1,
0, 1, 0, -2, 0, 1, 0, 1, 2, 3, 0, 1, 3, 1, 0, 0, 1, 0, 2, 0, -1, 0, 0, 0, 0, 0, 0, 0, 1, 0, 0, 1, 0, 2, 0, 1, 0, 1, 2, 3, 0, -1, -3, 1, 0, 
2, 3, 0, 1, 3, 1, 0, 0, 1, 0, 2, 0, 1, 0, 1, 2, 3, 0, -1, -3, 1, 0, 0, 1, 0, 0, 0, 0, 0, 1, 2, 3, 0, 1, 3, 1, 0, 0, 1, 0, 2, 0, -1, 0, 1,
1, 2, 0, 0,-1, -3, 1, 0, 0, 1, 0, -2, 0, 1, 0, 1, 2, 3, 0, 1, 2, 3, 0, 1, 3, 1, 0, 0, 0, 0, 2, 3, 0, 1, 3, 1, 0, 0, 1, 0, 2, 0, -1, 0, 1,
0, 1, 0, 1, 2, 3, 0, -1, -3, 1, 0, 0, 1, 0, -2, 0, 1, 0, 1, 2, 3, 0, 1, 2, 3, 0, 1, 0, 0, 0, 0, 1, 0, 2, 3, 0, 1, 3, 1, 0, 0, 1, 0, 2, 0,
1, 2, 0, 0,-1, -3, 1, 0, 0, 1, 0, -2, 0, 1, 0, 1, 2, 3, 0, 1, 2, 3, 0, 1, 3, 1, 0, 0, 1, 0, 0, 0, 0, 1, 3, 1, 0, 0, 1, 0, 2, 0, -1, 0, 1,
0, 1, 0,-2, 0, 1, 0, 1, 2, 3, 0, 1, 3, 1, 0, 0, 1, 0, 2, 0, -1, 0, 1, 2, 3, 0, 1, 3, 1, 0, 0, 0, 0, 0, 0, 1, 0, 1, 2, 3, 0, -1, -3, 1, 0, 
2, 3, 0, 1, 3, 1, 0, 0, 1, 0, 2, 0, 1, 0, 1, 2, 3, 0, -1, -3, 1, 0, 0, 1, 0, -2, 0, 1, 0, 1, 2, 0, 0, 0, 0, 1, 0, 0, 1, 0, 2, 0, -1, 0, 1,
1, 2, 0, 0,-1, -3, 1, 0, 0, 1, 0, -2, 0, 1, 0, 1, 2, 3, 0, 1, 2, 3, 0, 1, 3, 1, 0, 0, 1, 0, 2, 3, 0, 0, 0, 1, 0, 0, 1, 0, 2, 0, -1, 0, 1,
0, 1, 0, 1, 2, 3, 0, -1, -3, 1, 0, 0, 1, 0, -2, 0, 1, 0, 1, 2, 3, 0, 1, 2, 3, 0, 1, 3, 1, 0, 0, 1, 0, 0, 0, 0, 1, 3, 1, 0, 0, 1, 0, 2, 0,
1, 2, 0, 0,-1, -3, 1, 0, 0, 1, 0, -2, 0, 1, 0, 1, 2, 3, 0, 1, 2, 3, 0, 1, 3, 1, 0, 0, 1, 0, 2, 3, 0, 0, 0, 0, 0, 0, 1, 0, 2, 0, -1, 0, 1,
0, 1, 0,-2, 0, 1, 0, 1, 2, 3, 0, 1, 3, 1, 0, 0, 1, 0, 2, 0, -1, 0, 1, 2, 3, 0, 1, 3, 1, 0, 0, 1, 0, 2, 0, 0, 0, 0, 2, 3, 0, -1, -3, 1, 0, 
2, 3, 0, 1, 3, 1, 0, 0, 1, 0, 2, 0, 1, 0, 1, 2, 3, 0, -1, -3, 1, 0, 0, 1, 0, -2, 0, 1, 0, 1, 2, 3, 0, 1, 3, 1, 0, 0, 1, 0, 2, 0, -1, 0, 1,
1, 2, 0, 0,-1, -3, 1, 0, 0, 1, 0, -2, 0, 1, 0, 1, 2, 3, 0, 1, 2, 3, 0, 1, 3, 1, 0, 0, 1, 0, 2, 3, 0, 1, 3, 1, 0, 0, 0, 0, 2, 0, -1, 0, 1,
0, 1, 0, 1, 2, 3, 0, -1, -3, 1, 0, 0, 1, 0, -2, 0, 1, 0, 1, 2, 3, 0, 1, 2, 3, 0, 1, 3, 1, 0, 0, 1, 0, 2, 3, 0, 1, 0, 0, 0, 0, 1, 0, 2, 0,
1, 2, 0, 0,-1, -3, 1, 0, 0, 1, 0, -2, 0, 1, 0, 1, 2, 3, 0, 1, 2, 3, 0, 1, 3, 1, 0, 0, 1, 0, 2, 3, 0, 1, 3, 1, 0, 0, 0, 0, 2, 0, -1, 0, 1,
0, 1, 0,-2, 0, 1, 0, 1, 2, 3, 0, 1, 3, 1, 0, 0, 1, 0, 2, 0, -1, 0, 1, 2, 3, 0, 1, 3, 1, 0, 0, 1, 0, 2, 0, 1, 0, 1, 2, 0, 0, -1, -3, 1, 0, 
2, 3, 0, 1, 3, 1, 0, 0, 1, 0, 2, 0, 1, 0, 1, 2, 3, 0, -1, -3, 1, 0, 0, 1, 0, -2, 0, 1, 0, 1, 2, 3, 0, 1, 3, 1, 0, 0, 1, 0, 0, 0, -1, 0, 1,
1, 2, 0, 0,-1, -3, 1, 0, 0, 1, 0, -2, 0, 1, 0, 1, 2, 3, 0, 1, 2, 3, 0, 1, 3, 1, 0, 0, 1, 0, 2, 3, 0, 1, 3, 1, 0, 0, 1, 0, 2, 0, 0, 0, 1,
0, 1, 0, 1, 2, 3, 0, -1, -3, 1, 0, 0, 1, 0, -2, 0, 1, 0, 1, 2, 3, 0, 1, 2, 3, 0, 1, 3, 1, 0, 0, 1, 0, 2, 3, 0, 1, 3, 1, 0, 0, 1, 0, 0, 0,
1, 2, 0, 0,-1, -3, 1, 0, 0, 1, 0, -2, 0, 1, 0, 1, 2, 3, 0, 1, 2, 3, 0, 1, 3, 1, 0, 0, 1, 0, 2, 3, 0, 1, 3, 1, 0, 0, 1, 0, 2, 0, -1, 0, 0,
B(45x1)
0, 0, 3, 0, 0, 0, 0, 0, 0, 0, 0, 0, 0, 0, 0, 0, 0, 0, 0, 0, 0, 0, 0, 0, 0, 0, 0, 0, 0, 0, 0, 0, 0, 0, 0, 0, 0, 0, 0, 0, 0, 0, 0, 0, 0, 

#14
A(25x30)
0, 0, 0, 0, 0, 0, 0, 0, 0, 0, 0, 0, 0, 0, 0, 0, 0, 0, 0, 0, 0, 0, 0, 0, 0, 0, 0, 0, 0, 0,
0, 1, 0, 0, 0, 0, 0, 0, 0, 0, 0, 0, 0, 0, 0, 0, 0, 0, 0, 0, 0, 0, 0, 0, 0, 0, 0, 0, 0, 0,
0, 0, 0, 0, 0, 0, 0, 0, 0, 0, 0, 0, 0, 0, 0, 0, 0, 0, 0, 0, 0, 0, 0, 0, 0, 0, 0, 0, 0, 0,
0, 0, 0, 1, 0, 0, 0, 0, 0, 0, 0, 0, 0, 0, 0, 0, 0, 0, 0, 0, 0, 0, 0, 0, 0, 0, 0, 0, 0, 0,
0, 0, 0, 0, 0, 0, 0, 0, 0, 0, 0, 0, 0, 0, 0, 0, 0, 0, 0, 0, 0, 0, 0, 0, 0, 0, 0, 0, 0, 0,
0, 0, 0, 0, 0, 0, 0, 0, 0, 0, 0, 0, 0, 0, 0, 0, 0, 0, 0, 0, 0, 0, 0, 0, 0, 0, 0, 0, 0, 0,
0, 0, 0, 0, 0, 0, 0, 0, 0, 0, 0, 0, 0, 0, 0, 0, 0, 0, 0, 0, 0, 0, 0, 0, 0, 0, 0, 0, 0, 0,
0, 0, 0, 0, 0, 0, 0, 1, 0, 0, 0, 0, 0, 0, 0, 0, 0, 0, 0, 0, 0, 0, 0, 0, 0, 0, 0, 0, 0, 0,
0, 0, 0, 0, 0, 0, 0, 0, 0, 0, 0, 0, 0, 0, 0, 0, 0, 0, 0, 0, 0, 0, 0, 0, 0, 0, 0, 0, 0, 0,
0, 0, 0, 0, 0, 0, 0, 0, 0, 0, 0, 0, 0, 0, 0, 0, 0, 0, 0, 0, 0, 0, 0, 0, 0, 0, 0, 0, 0, 0,
0, 0, 0, 0, 0, 0, 0, 0, 0, 0, 2, 0, 0, 0, 0, 0, 0, 0, 0, 0, 0, 0, 0, 0, 0, 0, 0, 0, 0, 0,
0, 0, 0, 0, 0, 0, 0, 0, 0, 0, 0, 0, 0, 0, 0, 0, 0, 0, 0, 0, 0, 0, 0, 0, 0, 0, 0, 0, 0, 0,
0, 0, 0, 0, 0, 0, 0, 0, 0, 0, 0, 0, 0, 0, 0, 0, 0, 0, 0, 0, 0, 0, 0, 0, 0, 0, 0, 0, 0, 0,
0, 0, 0, 0, 0, 0, 0, 0, 0, 0, 0, 0, 0, 3, 0, 0, 0, 0, 0, 0, 0, 0, 0, 0, 0, 0, 0, 0, 0, 0,
0, 0, 0, 0, 0, 0, 0, 0, 0, 0, 0, 0, 0, 0, 0, 0, 0, 0, 0, 0, 0, 0, 0, 0, 0, 0, 0, 0, 0, 0,
0, 0, 0, 0, 0, 0, 0, 0, 0, 0, 0, 0, 0, 0, 0, 0, 0, 0, 0, 0, 0, 0, 0, 0, 0, 0, 0, 0, 0, 0,
0, 0, 0, 0, 0, 0, 0, 0, 0, 0, 0, 0, 0, 0, 0, 0, 1, 0, 0, 0, 0, 0, 0, 0, 0, 0, 0, 0, 0, 0,
0, 0, 0, 0, 0, 0, 0, 0, 0, 0, 0, 0, 0, 0, 0, 0, 0, 0, 0, 0, 0, 0, 0, 0, 0, 0, 0, 0, 0, 0,
0, 0, 0, 0, 0, 0, 0, 0, 0, 0, 0, 0, 0, 0, 0, 0, 0, 0, 1, 0, 0, 0, 0, 0, 0, 0, 0, 0, 0, 0,
0, 0, 0, 0, 0, 0, 0, 0, 0, 0, 0, 0, 0, 0, 0, 0, 0, 0, 0, 0, 0, 0, 0, 0, 0, 0, 0, 0, 0, 0,
0, 0, 0, 0, 0, 0, 0, 0, 0, 0, 0, 0, 0, 0, 0, 0, 0, 0, 0, 0, 1, 0, 0, 0, 0, 0, 0, 0, 0, 0,
0, 0, 0, 0, 0, 0, 0, 0, 0, 0, 0, 0, 0, 0, 0, 0, 0, 0, 0, 0, 0, 0, 0, 0, 0, 0, 0, 0, 0, 0,
0, 0, 0, 0, 0, 0, 0, 0, 0, 0, 0, 0, 0, 0, 0, 0, 0, 0, 0, 0, 0, 0, 2, 0, 0, 0, 0, 0, 0, 0,
0, 0, 0, 0, 0, 0, 0, 0, 0, 0, 0, 0, 0, 0, 0, 0, 0, 0, 0, 0, 0, 0, 0, 0, 0, 0, 0, 0, 0, 0,
0, 0, 0, 0, 0, 0, 0, 0, 0, 0, 0, 0, 0, 0, 0, 0, 0, 0, 0, 0, 0, 0, 0, 0, 3, 0, 0, 0, 0, 0,
B(25x1)
0, 1, 0, 0, 0, 0, 0, 0, 0, 0, 0, 0, 0, 0, 0, 0, 0, 0, 0, 0, 0, 0, 8, 0, 6,






















